kinematics:
  shoulder:
    x: 0
    y: 0
    z: 0.16273440689093407
    roll: -0
    pitch: 0
    yaw: -3.8500497658022776e-08
  upper_arm:
    x: 0.00015953175386349163
    y: 0
    z: 0
    roll: 1.5708480709884252
    pitch: 0
    yaw: -2.2463832742304022e-06
  forearm:
    x: -0.42517458904827904
    y: 0
    z: 0
    roll: 0.00025798175304578665
    pitch: -0.00074059710591100009
    yaw: 4.5974178883166225e-06
  wrist_1:
    x: -0.39248712989024609
    y: -0.0005689679995613885
    z: 0.13344488429450929
    roll: 0.0042636670175555539
    pitch: -0.00029609012090083176
    yaw: -4.192076424063619e-06
  wrist_2:
    x: 8.4941538538739819e-05
    y: -0.099641781822881706
    z: -2.1639659682328258e-05
    roll: 1.5710135013470397
    pitch: 0
    yaw: -5.4956778224209125e-07
  wrist_3:
    x: 8.0569762373535958e-05
    y: 0.099582554514325933
    z: 0.00016514003564039068
    roll: 1.5724546482254498
    pitch: 3.1415926535897931
    yaw: 3.1415926338770541
  hash: calib_2768225219418580336