kinematics:
  shoulder:
    x: 0
    y: 0
    z: 0.16252268873212133
    roll: -0
    pitch: 0
    yaw: -2.2588968189187061e-07
  upper_arm:
    x: 0.00023030840096599522
    y: 0
    z: 0
    roll: 1.5696359185566204
    pitch: 0
    yaw: 3.6593419326099064e-06
  forearm:
    x: -0.42514731181345677
    y: 0
    z: 0
    roll: 0.0004155012537857089
    pitch: 0.0020905983042413681
    yaw: 1.0582761996251004e-07
  wrist_1:
    x: -0.3923441669677436
    y: -0.00018553841782138067
    z: 0.13327119987866864
    roll: 0.0013921859945826012
    pitch: -0.0020005241921332044
    yaw: 5.9346721938087381e-06
  wrist_2:
    x: -6.6398770426420099e-05
    y: -0.099462079707041753
    z: 0.00043365787190059973
    roll: 1.5664363222053981
    pitch: 0
    yaw: -6.4056814275740935e-07
  wrist_3:
    x: 1.0308467741273729e-05
    y: 0.099702167013899792
    z: -3.0195223950788301e-05
    roll: 1.5704934725648234
    pitch: 3.1415926535897931
    yaw: -3.1415926359156638
  hash: calib_1776104865002389646
