kinematics:
  shoulder:
    x: 0
    y: 0
    z: 0.089373925223769482
    roll: -0
    pitch: 0
    yaw: 3.2157254888109612e-05
  upper_arm:
    x: 0.00015279480607647286
    y: 0
    z: 0
    roll: 1.5696330156105898
    pitch: 0
    yaw: 4.3480061416041663e-05
  forearm:
    x: -0.42560054473836062
    y: 0
    z: 0
    roll: 3.9668666467346385e-05
    pitch: 0.0020891976279760228
    yaw: -3.1125430294363872e-05
  wrist_1:
    x: -0.39262645194347034
    y: -0.00019815967523410712
    z: 0.11053843456384638
    roll: 0.0017926747718278032
    pitch: -0.00087991242568222423
    yaw: -3.3626018129346223e-05
  wrist_2:
    x: 0.00016653248078049538
    y: -0.094832504596397041
    z: 2.6068320310137526e-05
    roll: 1.5705214387724356
    pitch: 0
    yaw: 4.6990449588645856e-05
  wrist_3:
    x: 6.4910817602111827e-05
    y: 0.082422898575521597
    z: -1.0622532320563361e-05
    roll: 1.5706674483831282
    pitch: 3.1415926535897931
    yaw: 3.1415008293941185
  hash: calib_8415629603485037971