kinematics:
  shoulder:
    x: 0
    y: 0
    z: 0.08937392522376948
    roll: -0
    pitch: 0
    yaw: 3.215725488810961e-05
  upper_arm:
    x: 0.0001527948060764729
    y: 0
    z: 0
    roll: 1.56963301561059
    pitch: 0
    yaw: 4.348006141604166e-05
  forearm:
    x: -0.4256005447383606
    y: 0
    z: 0
    roll: 3.966866646734639e-05
    pitch: 0.002089197627976023
    yaw: -3.112543029436387e-05
  wrist_1:
    x: -0.3926264519434703
    y: -0.0001981596752341071
    z: 0.1105384345638464
    roll: 0.001792674771827803
    pitch: -0.0008799124256822242
    yaw: -3.362601812934622e-05
  wrist_2:
    x: 0.0001665324807804954
    y: -0.09483250459639704
    z: 2.606832031013753e-05
    roll: 1.570521438772436
    pitch: 0
    yaw: 4.699044958864586e-05
  wrist_3:
    x: 6.491081760211183e-05
    y: 0.0824228985755216
    z: -1.062253232056336e-05
    roll: 1.570667448383128
    pitch: 3.141592653589793
    yaw: 3.141500829394118
  hash: calib_8415629603485037971
