kinematics:
  shoulder:
    x: 0
    y: 0
    z: 0.1625226887321213
    roll: -0
    pitch: 0
    yaw: -2.258896818918706e-07
  upper_arm:
    x: 0.0002303084009659952
    y: 0
    z: 0
    roll: 1.56963591855662
    pitch: 0
    yaw: 3.659341932609906e-06
  forearm:
    x: -0.4251473118134568
    y: 0
    z: 0
    roll: 0.0004155012537857089
    pitch: 0.002090598304241368
    yaw: 1.0582761996251e-07
  wrist_1:
    x: -0.3923441669677436
    y: -0.0001855384178213807
    z: 0.1332711998786686
    roll: 0.001392185994582601
    pitch: -0.002000524192133204
    yaw: 5.934672193808738e-06
  wrist_2:
    x: -6.63987704264201e-05
    y: -0.09946207970704175
    z: 0.0004336578719005997
    roll: 1.566436322205398
    pitch: 0
    yaw: -6.405681427574094e-07
  wrist_3:
    x: 1.030846774127373e-05
    y: 0.09970216701389979
    z: -3.01952239507883e-05
    roll: 1.570493472564823
    pitch: 3.141592653589793
    yaw: -3.141592635915664
  hash: calib_1776104865002389646
